Full-system sensitivity analysis (Task 8.5) -- 2026-09-14 15:27
OFAT, 60s/point (30s warm-up + 30s scored), seed 1, Q6. Multi-metric.

cols: MCC | DR | FPR | L_e2e(ms) | consensus(ms) | crypto(B/pkt) | failover(ms)

== s1_k  (--s1_k, A1 60%, obj=mcc_fpr1, default 1.0)
   1            0.694686 100.0 7.56504 28.2676 6.81071 209427.0 12.0
   2            0.69744 100.0 7.50961 28.2676 7.00428 209427.0 12.0
   3            0.706136 100.0 7.46344 28.2676 7.12827 209427.0 12.0  <==
   -> optimum 3 (was 1.0, CHANGED)

== s1_beta  (--s1_beta, A1 60%, obj=max_mcc, default 0.95)
   0.7          0.701278 100.0 7.5393 28.2676 6.97758 209427.0 12.0  <==
   0.75         0.699829 100.0 7.53889 28.2676 6.85257 209427.0 12.0
   0.8          0.699829 100.0 7.53889 28.2676 6.83723 209427.0 12.0
   0.85         0.699829 100.0 7.53889 28.2676 6.84045 209427.0 12.0
   0.9          0.694686 100.0 7.56504 28.2676 6.85015 209427.0 12.0
   0.95         0.694686 100.0 7.56504 28.2676 6.97022 209427.0 12.0
   -> optimum 0.7 (was 0.95, CHANGED)

== s1_delta0  (--s1_delta0, A1 60%, obj=max_mcc, default 0.00447305)
   0.003131135  0.656012 100.0 8.67166 28.2676 7.09446 209427.0 12.0
   0.00357844   0.649775 100.0 8.17496 28.2676 6.95091 209427.0 12.0
   0.004025745  0.669889 100.0 7.73611 28.2676 6.97363 209427.0 12.0
   0.00447305   0.694686 100.0 7.56504 28.2676 7.10593 209427.0 12.0
   0.004920355  0.700418 100.0 7.51097 28.2676 7.25051 209427.0 12.0  <==
   0.00536766   0.69744 100.0 7.50961 28.2676 7.02807 209427.0 12.0
   0.005814965  0.61631 91.3793 7.50822 28.2676 6.9992 209427.0 12.0
   -> optimum 0.004920355 (was 0.00447305, CHANGED)

== s1_alpha_rho  (--s1_alpha_rho, A1 60%, obj=max_mcc, default 0.00011315)
   7.9205e-05   0.694686 100.0 7.56504 28.2676 7.00156 209427.0 12.0
   9.052e-05    0.694686 100.0 7.56504 28.2676 7.06395 209427.0 12.0
   0.000101835  0.694686 100.0 7.56504 28.2676 7.08831 209427.0 12.0
   0.00011315   0.694686 100.0 7.56504 28.2676 7.21782 209427.0 12.0
   0.000124465  0.694686 100.0 7.56504 28.2676 7.18021 209427.0 12.0
   0.00013578   0.699829 100.0 7.53889 28.2676 7.03642 209427.0 12.0  <==
   0.000147095  0.699829 100.0 7.53889 28.2676 7.01827 209427.0 12.0
   -> optimum 0.00013578 (was 0.00011315, CHANGED)

== s1_alpha_v  (--s1_alpha_v, A1 60%, obj=max_mcc, default -0.00150238)
   -0.001953094 0.694686 100.0 7.56504 28.2676 6.93768 209427.0 12.0
   -0.001802856 0.694686 100.0 7.56504 28.2676 6.9891 209427.0 12.0
   -0.001652618 0.694686 100.0 7.56504 28.2676 6.99481 209427.0 12.0
   -0.00150238  0.694686 100.0 7.56504 28.2676 7.05263 209427.0 12.0
   -0.001352142 0.694686 100.0 7.56504 28.2676 7.01246 209427.0 12.0
   -0.001201904 0.694686 100.0 7.56504 28.2676 7.05944 209427.0 12.0
   -0.001051666 0.699829 100.0 7.53889 28.2676 7.1312 209427.0 12.0  <==
   -> optimum -0.001051666 (was -0.00150238, CHANGED)

== trust_t_min  (--trust_t_min, A2 60%, obj=max_mcc, default 0.7)
   0.3          0.883269 100.0 8.60535 53.9601 7.11027 209427.0 0.0
   0.4          0.858807 100.0 10.0725 44.7768 7.30545 209427.0 0.0
   0.5          0.85714 100.0 9.99965 43.8915 7.05206 209427.0 0.0
   0.6          0.918577 100.0 5.34249 42.1653 7.40951 209427.0 0.0  <==
   0.7          0.918568 100.0 5.34176 43.0069 7.0542 209427.0 0.0
   -> optimum 0.6 (was 0.7, CHANGED)

== trust_delta_p  (--trust_delta_p, A2 60%, obj=min_fpr_hi_dr, default 0.3)
   0.05         0.661748 100.0 33.9116 65.6985 6.9562 209427.0 0.0
   0.1          0.760164 100.0 21.4761 63.159 7.05195 209427.0 0.0
   0.15         0.901397 100.0 6.94655 51.904 7.03746 209427.0 0.0
   0.2          0.849983 100.0 10.7642 43.0007 7.12636 209427.0 0.0
   0.25         0.918577 100.0 5.34249 42.1653 6.98955 209427.0 0.0
   0.3          0.918568 100.0 5.34176 43.0069 7.03104 209427.0 0.0  <==
   -> optimum 0.3 (was 0.3, unchanged)

== trust_delta_r  (--trust_delta_r, A2 60%, obj=min_fpr_hi_dr, default 0.04)
   0.02         0.90666 100.0 6.29509 43.9615 7.19657 209427.0 0.0
   0.04         0.918568 100.0 5.34176 43.0069 7.05059 209427.0 0.0  <==
   0.06         0.918577 100.0 5.34249 42.1653 7.23899 209427.0 0.0
   0.08         0.846627 100.0 10.7963 42.6762 7.12612 209427.0 0.0
   0.1          0.849983 100.0 10.7642 43.0007 7.03988 209427.0 0.0
   -> optimum 0.04 (was 0.04, unchanged)

== T_hold  (--T_hold, A2 60%, obj=max_mcc, default 0.01)
   0.01         0.918568 100.0 5.34176 43.0069 7.04268 209427.0 0.0
   0.02         0.918568 100.0 5.34176 43.0069 6.9645 209427.0 0.0
   0.03         0.918568 100.0 5.34176 43.0069 7.12131 209427.0 0.0
   0.04         0.918568 100.0 5.34176 43.0069 6.99621 209427.0 0.0
   0.05         0.918568 100.0 5.34176 43.0069 7.08005 209427.0 0.0
   -> INSENSITIVE (metric flat); keep default 0.01

== trust_t_min_ctrl  (--trust_t_min_ctrl, A1 60%, obj=max_mcc, default 0.5)
   0.3          0.694686 100.0 7.56504 28.2676 7.17722 209427.0 12.0
   0.4          0.694686 100.0 7.56504 28.2676 6.95488 209427.0 12.0
   0.5          0.694686 100.0 7.56504 28.2676 7.03958 209427.0 12.0
   0.6          0.694686 100.0 7.56504 28.2676 7.08007 209427.0 12.0
   0.7          0.694686 100.0 7.56504 28.2676 7.02982 209427.0 12.0
   -> INSENSITIVE (metric flat); keep default 0.5

== trust_delta_p_ctrl  (--trust_delta_p_ctrl, A1 60%, obj=max_mcc, default 0.1)
   0.05         0.694686 100.0 7.56504 28.2676 6.97324 209427.0 12.0
   0.1          0.694686 100.0 7.56504 28.2676 7.09587 209427.0 12.0
   0.15         0.694686 100.0 7.56504 28.2676 7.10806 209427.0 12.0
   0.2          0.694686 100.0 7.56504 28.2676 7.02969 209427.0 12.0
   0.25         0.694686 100.0 7.56504 28.2676 6.99765 209427.0 12.0
   0.3          0.694686 100.0 7.56504 28.2676 6.93951 209427.0 12.0
   -> INSENSITIVE (metric flat); keep default 0.1

== trust_delta_r_ctrl  (--trust_delta_r_ctrl, A1 60%, obj=max_mcc, default 0.05)
   0.02         0.694686 100.0 7.56504 28.2676 7.1724 209427.0 12.0
   0.04         0.694686 100.0 7.56504 28.2676 7.05211 209427.0 12.0
   0.06         0.694686 100.0 7.56504 28.2676 7.01589 209427.0 12.0
   0.08         0.694686 100.0 7.56504 28.2676 7.18292 209427.0 12.0
   0.1          0.694686 100.0 7.56504 28.2676 6.9784 209427.0 12.0
   -> INSENSITIVE (metric flat); keep default 0.05

== tcam_util_thresh  (--tcam_util_thresh, A4 60%, obj=mcc_fpr1, default 0.2)
   0.2          0.638699 54.4521 0.0 27.4665 823.0 61.0 0.0  <==
   0.3          0.581462 46.9791 0.0 28.5398 851.0 61.0 0.0
   0.4          0.550882 43.5333 0.0 28.9429 836.0 62.0 0.0
   0.5          0.512836 39.0447 0.0 28.0575 867.0 63.0 0.0
   0.6          0.488422 36.5268 0.0 28.4194 1006.0 70.0 0.0
   0.7          0.445442 31.4683 0.0 28.3589 1019.0 69.0 0.0
   0.8          0.422569 29.1928 0.0 28.4406 1025.0 72.0 0.0
   -> optimum 0.2 (was 0.2, unchanged)

== witness_window  (--witness_window, A7 60%, obj=max_mcc, default 9.0)
   5            0.742075 76.5694 1.58862 27.9365 7.05415 209427.0 0.0
   7            0.734634 75.42 1.54344 28.5373 7.01972 209427.0 0.0
   9            0.721573 79.2219 2.85349 28.2177 7.20506 209427.0 0.0
   11           0.765299 78.0725 1.06912 27.4036 7.12007 209427.0 0.0  <==
   13           0.765299 78.0725 1.06912 27.4036 6.97935 209427.0 0.0
   15           0.765299 78.0725 1.06912 27.4036 7.01635 209427.0 0.0
   -> optimum 11 (was 9.0, CHANGED)

== witness_f  (--witness_f, A7 60%, obj=max_mcc, default 1)
   1            0.721573 79.2219 2.85349 28.2177 6.98785 209427.0 0.0
   2            0.772777 77.763 0.730312 28.1764 6.99027 209427.0 0.0  <==
   3            0.663796 77.6304 4.93149 29.9824 7.26539 209427.0 0.0
   -> optimum 2 (was 1, CHANGED)

== t_sync  (--t_sync, A1 60%, obj=min_consensus, default 1.0)
   0.5          0.694686 100.0 7.56504 28.2676 7.12357 209427.0 12.0
   1.0          0.694686 100.0 7.56504 28.2676 7.027 209427.0 12.0
   1.5          0.694686 100.0 7.56504 28.2676 6.94607 209427.0 12.0
   2.0          0.694686 100.0 7.56504 28.2676 7.0345 209427.0 12.0
   -> INSENSITIVE (metric flat); keep default 1.0

== batch_size  (--batch_size, A1 60%, obj=min_consensus, default 15)
   10           0.694686 100.0 7.56504 28.2676 6.98481 209427.0 12.0
   12           0.694686 100.0 7.56504 28.2676 6.81057 209427.0 12.0
   14           0.694686 100.0 7.56504 28.2676 6.54879 209427.0 12.0
   16           0.694686 100.0 7.56504 28.2676 6.65206 209427.0 12.0
   18           0.694686 100.0 7.56504 28.2676 6.44814 209427.0 12.0  <==
   20           0.694686 100.0 7.56504 28.2676 6.48382 209427.0 12.0
   -> optimum 18 (was 15, CHANGED)
